TITLE	
DATA TYPE	
ORIGIN	JASCO
OWNER	
DATE	16/04/20
TIME	14:48:47
SPECTROMETER/DATA SYSTEM	JASCO Corp., J-810, Rev. 1.00
RESOLUTION	
DELTAX	-0.1
XUNITS	NANOMETERS
YUNITS	CD[mdeg]
Y2UNITS	HT[V]
FIRSTX	350.0000
LASTX	190.0000
NPOINTS	1601
FIRSTY	0.91527
MAXY	0.93361
MINY	-2.25463
XYDATA
350.0000	0.915273	278.493
349.9000	0.914343	278.5
349.8000	0.922578	278.502
349.7000	0.922816	278.496
349.6000	0.931355	278.499
349.5000	0.933614	278.499
349.4000	0.921717	278.497
349.3000	0.891317	278.497
349.2000	0.856666	278.489
349.1000	0.832908	278.488
349.0000	0.836808	278.487
348.9000	0.848744	278.49
348.8000	0.873065	278.487
348.7000	0.903897	278.489
348.6000	0.901259	278.491
348.5000	0.888796	278.488
348.4000	0.870768	278.491
348.3000	0.869095	278.495
348.2000	0.858366	278.491
348.1000	0.854591	278.49
348.0000	0.850084	278.492
347.9000	0.831271	278.496
347.8000	0.829394	278.496
347.7000	0.83692	278.493
347.6000	0.851423	278.492
347.5000	0.877748	278.498
347.4000	0.896557	278.499
347.3000	0.900054	278.498
347.2000	0.881577	278.497
347.1000	0.851457	278.495
347.0000	0.815305	278.491
346.9000	0.809432	278.481
346.8000	0.802471	278.475
346.7000	0.804453	278.458
346.6000	0.793835	278.445
346.5000	0.796636	278.442
346.4000	0.800286	278.432
346.3000	0.798816	278.426
346.2000	0.806822	278.415
346.1000	0.810625	278.408
346.0000	0.815813	278.406
345.9000	0.803508	278.393
345.8000	0.786338	278.38
345.7000	0.771586	278.367
345.6000	0.756199	278.355
345.5000	0.775772	278.351
345.4000	0.788486	278.34
345.3000	0.803735	278.334
345.2000	0.809811	278.332
345.1000	0.805125	278.323
345.0000	0.806229	278.312
344.9000	0.811977	278.305
344.8000	0.806341	278.294
344.7000	0.79504	278.282
344.6000	0.793596	278.272
344.5000	0.793764	278.264
344.4000	0.760469	278.252
344.3000	0.730546	278.244
344.2000	0.724086	278.24
344.1000	0.718941	278.235
344.0000	0.720419	278.231
343.9000	0.716992	278.224
343.8000	0.71154	278.211
343.7000	0.696868	278.199
343.6000	0.683631	278.183
343.5000	0.692919	278.172
343.4000	0.68779	278.165
343.3000	0.686425	278.156
343.2000	0.672651	278.147
343.1000	0.672214	278.136
343.0000	0.676781	278.127
342.9000	0.68082	278.12
342.8000	0.696901	278.106
342.7000	0.734535	278.092
342.6000	0.779476	278.075
342.5000	0.820609	278.057
342.4000	0.835468	278.038
342.3000	0.818372	278.026
342.2000	0.809691	278.011
342.1000	0.809212	277.995
342.0000	0.817675	277.984
341.9000	0.830069	277.972
341.8000	0.824486	277.963
341.7000	0.814439	277.951
341.6000	0.811304	277.933
341.5000	0.796687	277.916
341.4000	0.790077	277.906
341.3000	0.778158	277.89
341.2000	0.776317	277.877
341.1000	0.765221	277.868
341.0000	0.759526	277.865
340.9000	0.745263	277.857
340.8000	0.725466	277.85
340.7000	0.709824	277.845
340.6000	0.714313	277.83
340.5000	0.714502	277.824
340.4000	0.707978	277.809
340.3000	0.696031	277.797
340.2000	0.666599	277.79
340.1000	0.661623	277.772
340.0000	0.661869	277.762
339.9000	0.669194	277.752
339.8000	0.684992	277.74
339.7000	0.701173	277.725
339.6000	0.703314	277.71
339.5000	0.708906	277.695
339.4000	0.678134	277.673
339.3000	0.661983	277.652
339.2000	0.645324	277.641
339.1000	0.648872	277.628
339.0000	0.651715	277.617
338.9000	0.651983	277.61
338.8000	0.645977	277.597
338.7000	0.645032	277.587
338.6000	0.640018	277.576
338.5000	0.638891	277.563
338.4000	0.637072	277.553
338.3000	0.645454	277.537
338.2000	0.659797	277.527
338.1000	0.655232	277.521
338.0000	0.649209	277.513
337.9000	0.646642	277.507
337.8000	0.648376	277.505
337.7000	0.660872	277.496
337.6000	0.650519	277.484
337.5000	0.650072	277.471
337.4000	0.634404	277.454
337.3000	0.619603	277.432
337.2000	0.635589	277.42
337.1000	0.660555	277.415
337.0000	0.669188	277.408
336.9000	0.675282	277.397
336.8000	0.693465	277.388
336.7000	0.695162	277.38
336.6000	0.682117	277.371
336.5000	0.66848	277.362
336.4000	0.662331	277.353
336.3000	0.663139	277.34
336.2000	0.664535	277.325
336.1000	0.660839	277.318
336.0000	0.663774	277.311
335.9000	0.675675	277.305
335.8000	0.678987	277.297
335.7000	0.691377	277.294
335.6000	0.689025	277.286
335.5000	0.686248	277.275
335.4000	0.677442	277.27
335.3000	0.673179	277.258
335.2000	0.67462	277.246
335.1000	0.661081	277.235
335.0000	0.664462	277.23
334.9000	0.670507	277.223
334.8000	0.674441	277.213
334.7000	0.6661	277.208
334.6000	0.634591	277.204
334.5000	0.612703	277.194
334.4000	0.594416	277.184
334.3000	0.576514	277.179
334.2000	0.577811	277.172
334.1000	0.587741	277.162
334.0000	0.603249	277.149
333.9000	0.619342	277.151
333.8000	0.613322	277.145
333.7000	0.623647	277.134
333.6000	0.625315	277.127
333.5000	0.629716	277.123
333.4000	0.642205	277.123
333.3000	0.64745	277.119
333.2000	0.645594	277.115
333.1000	0.665763	277.111
333.0000	0.698875	277.104
332.9000	0.732955	277.1
332.8000	0.742037	277.098
332.7000	0.766159	277.1
332.6000	0.770072	277.094
332.5000	0.760763	277.087
332.4000	0.732048	277.092
332.3000	0.715102	277.082
332.2000	0.706604	277.073
332.1000	0.707345	277.069
332.0000	0.691524	277.06
331.9000	0.679593	277.056
331.8000	0.673679	277.048
331.7000	0.667386	277.04
331.6000	0.659093	277.029
331.5000	0.65263	277.019
331.4000	0.631105	277.017
331.3000	0.626409	277.01
331.2000	0.629358	277.005
331.1000	0.619481	276.995
331.0000	0.616564	276.975
330.9000	0.632656	276.969
330.8000	0.636496	276.963
330.7000	0.636586	276.962
330.6000	0.621897	276.958
330.5000	0.619407	276.947
330.4000	0.611456	276.942
330.3000	0.622557	276.943
330.2000	0.626793	276.939
330.1000	0.614318	276.935
330.0000	0.614271	276.934
329.9000	0.607908	276.936
329.8000	0.603775	276.932
329.7000	0.604481	276.922
329.6000	0.591705	276.915
329.5000	0.584365	276.909
329.4000	0.579066	276.909
329.3000	0.572597	276.909
329.2000	0.562894	276.906
329.1000	0.570275	276.893
329.0000	0.586198	276.887
328.9000	0.599477	276.889
328.8000	0.59752	276.883
328.7000	0.594883	276.879
328.6000	0.590108	276.872
328.5000	0.591524	276.868
328.4000	0.600717	276.86
328.3000	0.619896	276.855
328.2000	0.641392	276.845
328.1000	0.651799	276.84
328.0000	0.649486	276.837
327.9000	0.649489	276.837
327.8000	0.648981	276.836
327.7000	0.65008	276.832
327.6000	0.637215	276.831
327.5000	0.609093	276.83
327.4000	0.575567	276.83
327.3000	0.549364	276.826
327.2000	0.537051	276.819
327.1000	0.54705	276.809
327.0000	0.556829	276.8
326.9000	0.564348	276.8
326.8000	0.561241	276.8
326.7000	0.548932	276.797
326.6000	0.525881	276.787
326.5000	0.522018	276.783
326.4000	0.518416	276.774
326.3000	0.511528	276.767
326.2000	0.520121	276.755
326.1000	0.526895	276.748
326.0000	0.545217	276.739
325.9000	0.58177	276.724
325.8000	0.610938	276.71
325.7000	0.620095	276.702
325.6000	0.615668	276.698
325.5000	0.595439	276.695
325.4000	0.578544	276.691
325.3000	0.577648	276.679
325.2000	0.561824	276.663
325.1000	0.548488	276.646
325.0000	0.552096	276.641
324.9000	0.548394	276.636
324.8000	0.517763	276.63
324.7000	0.507067	276.62
324.6000	0.507377	276.607
324.5000	0.486288	276.597
324.4000	0.476674	276.584
324.3000	0.453693	276.574
324.2000	0.430334	276.571
324.1000	0.44016	276.554
324.0000	0.450884	276.534
323.9000	0.467486	276.513
323.8000	0.484471	276.492
323.7000	0.47571	276.475
323.6000	0.485208	276.461
323.5000	0.500588	276.443
323.4000	0.515326	276.426
323.3000	0.497692	276.408
323.2000	0.506829	276.386
323.1000	0.533086	276.364
323.0000	0.553232	276.348
322.9000	0.568635	276.329
322.8000	0.58393	276.311
322.7000	0.592784	276.294
322.6000	0.61373	276.275
322.5000	0.605567	276.254
322.4000	0.599336	276.248
322.3000	0.588381	276.235
322.2000	0.582364	276.222
322.1000	0.599586	276.214
322.0000	0.610253	276.207
321.9000	0.620767	276.202
321.8000	0.62785	276.197
321.7000	0.634038	276.192
321.6000	0.63502	276.19
321.5000	0.608571	276.19
321.4000	0.568836	276.19
321.3000	0.541598	276.196
321.2000	0.511688	276.199
321.1000	0.503148	276.203
321.0000	0.482388	276.209
320.9000	0.468293	276.22
320.8000	0.490007	276.225
320.7000	0.516618	276.227
320.6000	0.549071	276.235
320.5000	0.553262	276.239
320.4000	0.559636	276.242
320.3000	0.553683	276.246
320.2000	0.540033	276.243
320.1000	0.535107	276.241
320.0000	0.524645	276.239
319.9000	0.50763	276.242
319.8000	0.511347	276.244
319.7000	0.511305	276.244
319.6000	0.52031	276.241
319.5000	0.533514	276.237
319.4000	0.54006	276.231
319.3000	0.535418	276.231
319.2000	0.538743	276.225
319.1000	0.514685	276.225
319.0000	0.494697	276.222
318.9000	0.484229	276.22
318.8000	0.462633	276.215
318.7000	0.429313	276.206
318.6000	0.395338	276.2
318.5000	0.382565	276.202
318.4000	0.373562	276.2
318.3000	0.39392	276.194
318.2000	0.418495	276.184
318.1000	0.435012	276.176
318.0000	0.43528	276.171
317.9000	0.43676	276.167
317.8000	0.451902	276.16
317.7000	0.465156	276.154
317.6000	0.466219	276.144
317.5000	0.447538	276.136
317.4000	0.447777	276.123
317.3000	0.439421	276.115
317.2000	0.436125	276.107
317.1000	0.439535	276.103
317.0000	0.459239	276.103
316.9000	0.453647	276.1
316.8000	0.43156	276.09
316.7000	0.410798	276.085
316.6000	0.381738	276.08
316.5000	0.371223	276.076
316.4000	0.368648	276.072
316.3000	0.378761	276.063
316.2000	0.367919	276.055
316.1000	0.352435	276.053
316.0000	0.331659	276.048
315.9000	0.335307	276.041
315.8000	0.341226	276.035
315.7000	0.328393	276.035
315.6000	0.325846	276.03
315.5000	0.336229	276.022
315.4000	0.330116	276.012
315.3000	0.329582	276.004
315.2000	0.349772	275.996
315.1000	0.376068	275.989
315.0000	0.401007	275.982
314.9000	0.416888	275.98
314.8000	0.411972	275.97
314.7000	0.414361	275.961
314.6000	0.416779	275.952
314.5000	0.410366	275.941
314.4000	0.393865	275.931
314.3000	0.389017	275.921
314.2000	0.383894	275.911
314.1000	0.387479	275.903
314.0000	0.384007	275.886
313.9000	0.347706	275.872
313.8000	0.315716	275.856
313.7000	0.31003	275.841
313.6000	0.312074	275.826
313.5000	0.308245	275.815
313.4000	0.298209	275.799
313.3000	0.281734	275.781
313.2000	0.274703	275.762
313.1000	0.262709	275.745
313.0000	0.254046	275.729
312.9000	0.264814	275.712
312.8000	0.271015	275.703
312.7000	0.268047	275.694
312.6000	0.271549	275.682
312.5000	0.283234	275.668
312.4000	0.297473	275.654
312.3000	0.319608	275.647
312.2000	0.333401	275.639
312.1000	0.347578	275.633
312.0000	0.365199	275.629
311.9000	0.35085	275.616
311.8000	0.353386	275.607
311.7000	0.358937	275.611
311.6000	0.366211	275.614
311.5000	0.373488	275.617
311.4000	0.39259	275.616
311.3000	0.3847	275.626
311.2000	0.390578	275.632
311.1000	0.414284	275.635
311.0000	0.428682	275.634
310.9000	0.422529	275.64
310.8000	0.406315	275.646
310.7000	0.388241	275.657
310.6000	0.371387	275.664
310.5000	0.378564	275.681
310.4000	0.372833	275.69
310.3000	0.383874	275.71
310.2000	0.406023	275.725
310.1000	0.410966	275.734
310.0000	0.411247	275.735
309.9000	0.410933	275.739
309.8000	0.397313	275.738
309.7000	0.376941	275.746
309.6000	0.356827	275.745
309.5000	0.311859	275.747
309.4000	0.29945	275.753
309.3000	0.309515	275.758
309.2000	0.324888	275.764
309.1000	0.345362	275.766
309.0000	0.358929	275.773
308.9000	0.381103	275.77
308.8000	0.397233	275.767
308.7000	0.384072	275.76
308.6000	0.359855	275.755
308.5000	0.33446	275.754
308.4000	0.31926	275.751
308.3000	0.308962	275.75
308.2000	0.311157	275.756
308.1000	0.325621	275.756
308.0000	0.340649	275.753
307.9000	0.355876	275.75
307.8000	0.375019	275.746
307.7000	0.376804	275.74
307.6000	0.35977	275.731
307.5000	0.336695	275.727
307.4000	0.322327	275.723
307.3000	0.32406	275.718
307.2000	0.314338	275.716
307.1000	0.310693	275.721
307.0000	0.311343	275.718
306.9000	0.300506	275.71
306.8000	0.295859	275.708
306.7000	0.290707	275.708
306.6000	0.302314	275.705
306.5000	0.298672	275.706
306.4000	0.285496	275.712
306.3000	0.284081	275.717
306.2000	0.301316	275.719
306.1000	0.298569	275.719
306.0000	0.293742	275.719
305.9000	0.289074	275.724
305.8000	0.290671	275.724
305.7000	0.287883	275.725
305.6000	0.28108	275.729
305.5000	0.266793	275.73
305.4000	0.260479	275.73
305.3000	0.265787	275.734
305.2000	0.280496	275.742
305.1000	0.300511	275.743
305.0000	0.310881	275.741
304.9000	0.288559	275.736
304.8000	0.27907	275.727
304.7000	0.266582	275.727
304.6000	0.271629	275.722
304.5000	0.263675	275.722
304.4000	0.257715	275.725
304.3000	0.258477	275.724
304.2000	0.250521	275.72
304.1000	0.22871	275.724
304.0000	0.216311	275.723
303.9000	0.21328	275.727
303.8000	0.222551	275.727
303.7000	0.228238	275.73
303.6000	0.216869	275.729
303.5000	0.198939	275.727
303.4000	0.173746	275.733
303.3000	0.158305	275.743
303.2000	0.173541	275.752
303.1000	0.189337	275.755
303.0000	0.203027	275.759
302.9000	0.203512	275.764
302.8000	0.190424	275.772
302.7000	0.180846	275.775
302.6000	0.185239	275.785
302.5000	0.207671	275.795
302.4000	0.219582	275.8
302.3000	0.204757	275.801
302.2000	0.19293	275.798
302.1000	0.185413	275.804
302.0000	0.179622	275.806
301.9000	0.194733	275.809
301.8000	0.207488	275.814
301.7000	0.214282	275.812
301.6000	0.222051	275.814
301.5000	0.215942	275.817
301.4000	0.201562	275.822
301.3000	0.181956	275.823
301.2000	0.174136	275.828
301.1000	0.199114	275.834
301.0000	0.206313	275.838
300.9000	0.199331	275.836
300.8000	0.179637	275.834
300.7000	0.183999	275.835
300.6000	0.210963	275.835
300.5000	0.228057	275.838
300.4000	0.235307	275.833
300.3000	0.245712	275.831
300.2000	0.23954	275.827
300.1000	0.246913	275.825
300.0000	0.273204	275.825
299.9000	0.290113	275.832
299.8000	0.292744	275.837
299.7000	0.283408	275.836
299.6000	0.285575	275.833
299.5000	0.264603	275.837
299.4000	0.237931	275.839
299.3000	0.219794	275.846
299.2000	0.212951	275.851
299.1000	0.222659	275.852
299.0000	0.204853	275.856
298.9000	0.178779	275.861
298.8000	0.155585	275.865
298.7000	0.143177	275.874
298.6000	0.147777	275.88
298.5000	0.15176	275.887
298.4000	0.159871	275.891
298.3000	0.142467	275.896
298.2000	0.133012	275.896
298.1000	0.143757	275.906
298.0000	0.149871	275.916
297.9000	0.151428	275.921
297.8000	0.172464	275.919
297.7000	0.187543	275.925
297.6000	0.217759	275.929
297.5000	0.241124	275.93
297.4000	0.271915	275.936
297.3000	0.291022	275.942
297.2000	0.310416	275.946
297.1000	0.317054	275.956
297.0000	0.324393	275.96
296.9000	0.32088	275.968
296.8000	0.308178	275.978
296.7000	0.27851	275.99
296.6000	0.279662	275.995
296.5000	0.295681	275.997
296.4000	0.286045	275.996
296.3000	0.292459	275.996
296.2000	0.286332	276.007
296.1000	0.293772	276.017
296.0000	0.279012	276.015
295.9000	0.266606	276.019
295.8000	0.254347	276.024
295.7000	0.235871	276.024
295.6000	0.227913	276.03
295.5000	0.229708	276.031
295.4000	0.232961	276.031
295.3000	0.207584	276.036
295.2000	0.199745	276.038
295.1000	0.216353	276.037
295.0000	0.225723	276.037
294.9000	0.217682	276.038
294.8000	0.197911	276.047
294.7000	0.204333	276.054
294.6000	0.185758	276.06
294.5000	0.17011	276.059
294.4000	0.141916	276.062
294.3000	0.153233	276.072
294.2000	0.167793	276.071
294.1000	0.181118	276.075
294.0000	0.202621	276.085
293.9000	0.207926	276.092
293.8000	0.198451	276.096
293.7000	0.20506	276.099
293.6000	0.219572	276.102
293.5000	0.228575	276.103
293.4000	0.223122	276.099
293.3000	0.230131	276.098
293.2000	0.255316	276.101
293.1000	0.259879	276.102
293.0000	0.254674	276.1
292.9000	0.246822	276.1
292.8000	0.261604	276.099
292.7000	0.271899	276.097
292.6000	0.254545	276.098
292.5000	0.242326	276.098
292.4000	0.217341	276.093
292.3000	0.188577	276.078
292.2000	0.171995	276.07
292.1000	0.164276	276.063
292.0000	0.155221	276.051
291.9000	0.142766	276.04
291.8000	0.136472	276.038
291.7000	0.141321	276.028
291.6000	0.121693	276.023
291.5000	0.100599	276.003
291.4000	0.108383	275.984
291.3000	0.119118	275.963
291.2000	0.123527	275.94
291.1000	0.121367	275.92
291.0000	0.109895	275.901
290.9000	0.0993413	275.876
290.8000	0.0841599	275.86
290.7000	0.0912216	275.851
290.6000	0.0966365	275.843
290.5000	0.108465	275.838
290.4000	0.118216	275.838
290.3000	0.13937	275.843
290.2000	0.155673	275.848
290.1000	0.158436	275.855
290.0000	0.164868	275.867
289.9000	0.162593	275.879
289.8000	0.161302	275.902
289.7000	0.162187	275.931
289.6000	0.17426	275.96
289.5000	0.172557	275.992
289.4000	0.177294	276.022
289.3000	0.184162	276.056
289.2000	0.178004	276.101
289.1000	0.17442	276.14
289.0000	0.170942	276.173
288.9000	0.1617	276.211
288.8000	0.152618	276.24
288.7000	0.143271	276.279
288.6000	0.131842	276.309
288.5000	0.127486	276.339
288.4000	0.114993	276.365
288.3000	0.103051	276.387
288.2000	0.109396	276.406
288.1000	0.105682	276.426
288.0000	0.103896	276.449
287.9000	0.126153	276.468
287.8000	0.140816	276.488
287.7000	0.141222	276.507
287.6000	0.156012	276.526
287.5000	0.164955	276.54
287.4000	0.163115	276.554
287.3000	0.173018	276.57
287.2000	0.194281	276.583
287.1000	0.210124	276.598
287.0000	0.212318	276.613
286.9000	0.194334	276.632
286.8000	0.179378	276.653
286.7000	0.181916	276.671
286.6000	0.192875	276.691
286.5000	0.193455	276.711
286.4000	0.202385	276.73
286.3000	0.194693	276.744
286.2000	0.178669	276.763
286.1000	0.159791	276.779
286.0000	0.163991	276.794
285.9000	0.167681	276.803
285.8000	0.175344	276.813
285.7000	0.171281	276.827
285.6000	0.150105	276.846
285.5000	0.122666	276.859
285.4000	0.0948212	276.869
285.3000	0.0849701	276.877
285.2000	0.0914088	276.888
285.1000	0.104952	276.905
285.0000	0.105205	276.92
284.9000	0.102733	276.936
284.8000	0.0927821	276.947
284.7000	0.0722468	276.957
284.6000	0.0657923	276.97
284.5000	0.0806549	276.991
284.4000	0.101011	277.009
284.3000	0.0975576	277.027
284.2000	0.0962646	277.043
284.1000	0.107348	277.058
284.0000	0.128215	277.075
283.9000	0.155886	277.094
283.8000	0.185691	277.117
283.7000	0.208661	277.143
283.6000	0.215649	277.163
283.5000	0.213076	277.179
283.4000	0.200559	277.194
283.3000	0.190699	277.211
283.2000	0.189324	277.227
283.1000	0.201583	277.251
283.0000	0.224494	277.275
282.9000	0.225209	277.294
282.8000	0.223813	277.311
282.7000	0.215418	277.336
282.6000	0.203859	277.35
282.5000	0.192901	277.369
282.4000	0.15512	277.392
282.3000	0.135277	277.414
282.2000	0.112771	277.429
282.1000	0.0919307	277.447
282.0000	0.0937413	277.467
281.9000	0.0901799	277.485
281.8000	0.100934	277.497
281.7000	0.11778	277.512
281.6000	0.116188	277.526
281.5000	0.103576	277.54
281.4000	0.109248	277.558
281.3000	0.113921	277.576
281.2000	0.11485	277.593
281.1000	0.1074	277.599
281.0000	0.115089	277.618
280.9000	0.127423	277.649
280.8000	0.144253	277.667
280.7000	0.166881	277.676
280.6000	0.174931	277.69
280.5000	0.189944	277.701
280.4000	0.207308	277.715
280.3000	0.224461	277.725
280.2000	0.234968	277.74
280.1000	0.237737	277.756
280.0000	0.250534	277.776
279.9000	0.281405	277.802
279.8000	0.294532	277.819
279.7000	0.281905	277.837
279.6000	0.273861	277.861
279.5000	0.286863	277.878
279.4000	0.29847	277.905
279.3000	0.299117	277.919
279.2000	0.312141	277.938
279.1000	0.315298	277.961
279.0000	0.323064	277.987
278.9000	0.330946	278.016
278.8000	0.331278	278.045
278.7000	0.330813	278.068
278.6000	0.323855	278.099
278.5000	0.304234	278.131
278.4000	0.283342	278.168
278.3000	0.24916	278.192
278.2000	0.230869	278.214
278.1000	0.208413	278.24
278.0000	0.21758	278.264
277.9000	0.212855	278.296
277.8000	0.200196	278.336
277.7000	0.199874	278.371
277.6000	0.194711	278.411
277.5000	0.199316	278.443
277.4000	0.191563	278.474
277.3000	0.174945	278.507
277.2000	0.167381	278.543
277.1000	0.161747	278.586
277.0000	0.148266	278.62
276.9000	0.145175	278.651
276.8000	0.161596	278.685
276.7000	0.206031	278.716
276.6000	0.235926	278.755
276.5000	0.240102	278.789
276.4000	0.237477	278.827
276.3000	0.220737	278.857
276.2000	0.212972	278.887
276.1000	0.215575	278.915
276.0000	0.211074	278.94
275.9000	0.198262	278.971
275.8000	0.182864	279.017
275.7000	0.185291	279.061
275.6000	0.187857	279.095
275.5000	0.203518	279.127
275.4000	0.209805	279.153
275.3000	0.208738	279.194
275.2000	0.205592	279.229
275.1000	0.179628	279.255
275.0000	0.140639	279.295
274.9000	0.114118	279.334
274.8000	0.100937	279.375
274.7000	0.0921534	279.422
274.6000	0.0853516	279.463
274.5000	0.0740087	279.5
274.4000	0.0583577	279.538
274.3000	0.0579976	279.572
274.2000	0.0704076	279.594
274.1000	0.0680761	279.617
274.0000	0.0814606	279.645
273.9000	0.0933777	279.669
273.8000	0.101439	279.702
273.7000	0.107263	279.733
273.6000	0.111448	279.759
273.5000	0.111598	279.802
273.4000	0.101597	279.84
273.3000	0.0992081	279.86
273.2000	0.0967173	279.879
273.1000	0.108601	279.905
273.0000	0.108783	279.926
272.9000	0.116116	279.953
272.8000	0.132255	279.986
272.7000	0.130919	280.019
272.6000	0.120672	280.054
272.5000	0.122814	280.09
272.4000	0.132536	280.119
272.3000	0.103677	280.155
272.2000	0.0801717	280.189
272.1000	0.0470571	280.219
272.0000	0.0425517	280.258
271.9000	0.0506251	280.29
271.8000	0.0785095	280.318
271.7000	0.1084	280.354
271.6000	0.129322	280.399
271.5000	0.151333	280.445
271.4000	0.186649	280.473
271.3000	0.203352	280.511
271.2000	0.226929	280.554
271.1000	0.227753	280.607
271.0000	0.250488	280.655
270.9000	0.265952	280.707
270.8000	0.279308	280.759
270.7000	0.321042	280.808
270.6000	0.333898	280.856
270.5000	0.337078	280.894
270.4000	0.334017	280.939
270.3000	0.346026	280.984
270.2000	0.359924	281.033
270.1000	0.36317	281.09
270.0000	0.356024	281.148
269.9000	0.34728	281.197
269.8000	0.353594	281.242
269.7000	0.347552	281.319
269.6000	0.347505	281.372
269.5000	0.330599	281.414
269.4000	0.32589	281.445
269.3000	0.314678	281.489
269.2000	0.2984	281.541
269.1000	0.266996	281.586
269.0000	0.246468	281.632
268.9000	0.240347	281.709
268.8000	0.248328	281.782
268.7000	0.256673	281.844
268.6000	0.245992	281.91
268.5000	0.23577	281.98
268.4000	0.235943	282.047
268.3000	0.25453	282.11
268.2000	0.259464	282.174
268.1000	0.253316	282.22
268.0000	0.248203	282.277
267.9000	0.254554	282.342
267.8000	0.267468	282.412
267.7000	0.275669	282.483
267.6000	0.302047	282.543
267.5000	0.323381	282.602
267.4000	0.339974	282.663
267.3000	0.348618	282.707
267.2000	0.379213	282.745
267.1000	0.388635	282.807
267.0000	0.392264	282.866
266.9000	0.397543	282.91
266.8000	0.415323	282.951
266.7000	0.434265	282.993
266.6000	0.447604	283.053
266.5000	0.44928	283.111
266.4000	0.451152	283.167
266.3000	0.460906	283.225
266.2000	0.460251	283.301
266.1000	0.462449	283.366
266.0000	0.444654	283.43
265.9000	0.41464	283.49
265.8000	0.385757	283.553
265.7000	0.375703	283.629
265.6000	0.379063	283.731
265.5000	0.366499	283.805
265.4000	0.356897	283.876
265.3000	0.359957	283.961
265.2000	0.359513	284.038
265.1000	0.344796	284.128
265.0000	0.325288	284.223
264.9000	0.321332	284.302
264.8000	0.327488	284.377
264.7000	0.325261	284.465
264.6000	0.329395	284.531
264.5000	0.329311	284.593
264.4000	0.330182	284.67
264.3000	0.314649	284.767
264.2000	0.316358	284.85
264.1000	0.309955	284.937
264.0000	0.294847	285.014
263.9000	0.297501	285.087
263.8000	0.310039	285.16
263.7000	0.296033	285.229
263.6000	0.281818	285.294
263.5000	0.275495	285.37
263.4000	0.286489	285.438
263.3000	0.297955	285.508
263.2000	0.2971	285.591
263.1000	0.311249	285.679
263.0000	0.307094	285.766
262.9000	0.314422	285.857
262.8000	0.325289	285.934
262.7000	0.354118	286
262.6000	0.378977	286.06
262.5000	0.387549	286.142
262.4000	0.42604	286.222
262.3000	0.429915	286.306
262.2000	0.417047	286.388
262.1000	0.41978	286.477
262.0000	0.441501	286.564
261.9000	0.441947	286.651
261.8000	0.457702	286.741
261.7000	0.461203	286.829
261.6000	0.46549	286.914
261.5000	0.477409	286.982
261.4000	0.476567	287.051
261.3000	0.489202	287.117
261.2000	0.494196	287.192
261.1000	0.494673	287.279
261.0000	0.497435	287.358
260.9000	0.513785	287.44
260.8000	0.522439	287.526
260.7000	0.549403	287.605
260.6000	0.574581	287.678
260.5000	0.589968	287.758
260.4000	0.565682	287.838
260.3000	0.5313	287.909
260.2000	0.506124	287.982
260.1000	0.479037	288.058
260.0000	0.467202	288.127
259.9000	0.449797	288.203
259.8000	0.408534	288.284
259.7000	0.378665	288.371
259.6000	0.354508	288.454
259.5000	0.32968	288.533
259.4000	0.318988	288.611
259.3000	0.302236	288.703
259.2000	0.278963	288.786
259.1000	0.253195	288.866
259.0000	0.233465	288.95
258.9000	0.222629	289.036
258.8000	0.20294	289.126
258.7000	0.210262	289.214
258.6000	0.246672	289.306
258.5000	0.252664	289.397
258.4000	0.248509	289.485
258.3000	0.241866	289.572
258.2000	0.227576	289.668
258.1000	0.229079	289.757
258.0000	0.237657	289.843
257.9000	0.234979	289.928
257.8000	0.232086	290.002
257.7000	0.233671	290.081
257.6000	0.218048	290.158
257.5000	0.219593	290.223
257.4000	0.20403	290.297
257.3000	0.184962	290.358
257.2000	0.181894	290.417
257.1000	0.200951	290.474
257.0000	0.200167	290.537
256.9000	0.191879	290.592
256.8000	0.207612	290.654
256.7000	0.182081	290.727
256.6000	0.186778	290.796
256.5000	0.208458	290.865
256.4000	0.240735	290.931
256.3000	0.241613	290.996
256.2000	0.24835	291.067
256.1000	0.239494	291.136
256.0000	0.23847	291.195
255.9000	0.250407	291.263
255.8000	0.246183	291.329
255.7000	0.258279	291.394
255.6000	0.262729	291.452
255.5000	0.259359	291.511
255.4000	0.269341	291.577
255.3000	0.25841	291.649
255.2000	0.255474	291.715
255.1000	0.248839	291.761
255.0000	0.265332	291.816
254.9000	0.246183	291.86
254.8000	0.246115	291.892
254.7000	0.234582	291.931
254.6000	0.240305	291.988
254.5000	0.236382	292.041
254.4000	0.241657	292.1
254.3000	0.245426	292.144
254.2000	0.24413	292.207
254.1000	0.266188	292.268
254.0000	0.249685	292.337
253.9000	0.236398	292.424
253.8000	0.212662	292.487
253.7000	0.190971	292.545
253.6000	0.184623	292.619
253.5000	0.184435	292.696
253.4000	0.174186	292.772
253.3000	0.180881	292.825
253.2000	0.189693	292.889
253.1000	0.181945	292.95
253.0000	0.170011	293.019
252.9000	0.177488	293.076
252.8000	0.198484	293.13
252.7000	0.205979	293.194
252.6000	0.204851	293.253
252.5000	0.196483	293.301
252.4000	0.18784	293.357
252.3000	0.217571	293.408
252.2000	0.240406	293.464
252.1000	0.275929	293.535
252.0000	0.295977	293.595
251.9000	0.288277	293.645
251.8000	0.292717	293.712
251.7000	0.301612	293.789
251.6000	0.308491	293.869
251.5000	0.313555	293.945
251.4000	0.332375	294.02
251.3000	0.323803	294.085
251.2000	0.294378	294.162
251.1000	0.269899	294.237
251.0000	0.235359	294.301
250.9000	0.228243	294.369
250.8000	0.220386	294.427
250.7000	0.222801	294.477
250.6000	0.203969	294.526
250.5000	0.189801	294.581
250.4000	0.164273	294.626
250.3000	0.168948	294.688
250.2000	0.17398	294.735
250.1000	0.177653	294.781
250.0000	0.185706	294.824
249.9000	0.180347	294.88
249.8000	0.166495	294.953
249.7000	0.153955	295.018
249.6000	0.17413	295.079
249.5000	0.184151	295.15
249.4000	0.198835	295.209
249.3000	0.220922	295.289
249.2000	0.244711	295.364
249.1000	0.258396	295.451
249.0000	0.241184	295.53
248.9000	0.221884	295.607
248.8000	0.213095	295.687
248.7000	0.205983	295.755
248.6000	0.209014	295.823
248.5000	0.208581	295.905
248.4000	0.193792	295.969
248.3000	0.180237	296.033
248.2000	0.163827	296.102
248.1000	0.157317	296.158
248.0000	0.132502	296.216
247.9000	0.114965	296.277
247.8000	0.0981598	296.353
247.7000	0.0888865	296.416
247.6000	0.0779348	296.468
247.5000	0.0603516	296.538
247.4000	0.0708201	296.595
247.3000	0.0885478	296.662
247.2000	0.098144	296.728
247.1000	0.0887019	296.787
247.0000	0.0859894	296.871
246.9000	0.0786631	296.944
246.8000	0.0879272	297.013
246.7000	0.0802806	297.096
246.6000	0.0871348	297.177
246.5000	0.0962092	297.251
246.4000	0.110878	297.34
246.3000	0.134993	297.434
246.2000	0.130854	297.509
246.1000	0.116576	297.585
246.0000	0.0900691	297.667
245.9000	0.0865545	297.753
245.8000	0.0864955	297.833
245.7000	0.075207	297.923
245.6000	0.0837245	298.001
245.5000	0.0948237	298.076
245.4000	0.0957245	298.155
245.3000	0.0895788	298.227
245.2000	0.0673965	298.298
245.1000	0.0769653	298.371
245.0000	0.0893972	298.441
244.9000	0.0980489	298.517
244.8000	0.0880254	298.593
244.7000	0.0909007	298.664
244.6000	0.0978516	298.732
244.5000	0.104255	298.808
244.4000	0.107098	298.883
244.3000	0.120772	298.971
244.2000	0.117204	299.049
244.1000	0.0963435	299.132
244.0000	0.0692566	299.224
243.9000	0.0547399	299.324
243.8000	0.0657547	299.42
243.7000	0.0916138	299.505
243.6000	0.102206	299.596
243.5000	0.110822	299.701
243.4000	0.101146	299.816
243.3000	0.0826207	299.916
243.2000	0.0687958	300.014
243.1000	0.059875	300.112
243.0000	0.0321996	300.204
242.9000	0.0241196	300.301
242.8000	0.0089859	300.389
242.7000	0.00258586	300.477
242.6000	-0.00460103	300.564
242.5000	0.000418092	300.668
242.4000	0.0194824	300.77
242.3000	0.0215215	300.865
242.2000	0.0123927	300.967
242.1000	-0.000956727	301.068
242.0000	0.00280507	301.177
241.9000	-0.0185903	301.274
241.8000	-0.0392314	301.37
241.7000	-0.0470693	301.466
241.6000	-0.0419067	301.577
241.5000	-0.0506902	301.691
241.4000	-0.0654099	301.795
241.3000	-0.0839986	301.906
241.2000	-0.0777608	302.024
241.1000	-0.0548401	302.135
241.0000	-0.0579666	302.247
240.9000	-0.0591059	302.369
240.8000	-0.0787852	302.485
240.7000	-0.0816579	302.583
240.6000	-0.0809535	302.699
240.5000	-0.090978	302.815
240.4000	-0.101323	302.937
240.3000	-0.102178	303.05
240.2000	-0.0854436	303.173
240.1000	-0.0951772	303.283
240.0000	-0.0871755	303.395
239.9000	-0.0839498	303.51
239.8000	-0.0831299	303.626
239.7000	-0.0845062	303.758
239.6000	-0.0644897	303.887
239.5000	-0.0682409	304.016
239.4000	-0.0772725	304.148
239.3000	-0.0689016	304.269
239.2000	-0.0442032	304.379
239.1000	-0.0348414	304.499
239.0000	-0.0252518	304.622
238.9000	-0.017425	304.733
238.8000	-0.0305384	304.84
238.7000	-0.0568893	304.955
238.6000	-0.0680878	305.079
238.5000	-0.0661799	305.2
238.4000	-0.0647929	305.324
238.3000	-0.0604716	305.457
238.2000	-0.0580907	305.588
238.1000	-0.0407272	305.717
238.0000	-0.0329447	305.842
237.9000	-0.0546595	305.968
237.8000	-0.061559	306.089
237.7000	-0.053775	306.221
237.6000	-0.0641246	306.368
237.5000	-0.0901093	306.503
237.4000	-0.116906	306.651
237.3000	-0.150873	306.798
237.2000	-0.155699	306.946
237.1000	-0.134651	307.094
237.0000	-0.136818	307.232
236.9000	-0.160934	307.372
236.8000	-0.175905	307.518
236.7000	-0.197998	307.655
236.6000	-0.208777	307.794
236.5000	-0.222035	307.935
236.4000	-0.270633	308.072
236.3000	-0.289894	308.208
236.2000	-0.303159	308.351
236.1000	-0.299226	308.508
236.0000	-0.302436	308.649
235.9000	-0.294534	308.783
235.8000	-0.277626	308.932
235.7000	-0.260743	309.079
235.6000	-0.254981	309.234
235.5000	-0.245732	309.386
235.4000	-0.221859	309.536
235.3000	-0.186077	309.697
235.2000	-0.16725	309.854
235.1000	-0.142162	310.01
235.0000	-0.152703	310.164
234.9000	-0.158538	310.315
234.8000	-0.145105	310.467
234.7000	-0.121107	310.621
234.6000	-0.110534	310.778
234.5000	-0.0959447	310.928
234.4000	-0.0900045	311.082
234.3000	-0.0960581	311.242
234.2000	-0.0846064	311.4
234.1000	-0.0917068	311.551
234.0000	-0.108921	311.702
233.9000	-0.111172	311.861
233.8000	-0.129622	312.013
233.7000	-0.167773	312.16
233.6000	-0.197644	312.306
233.5000	-0.219794	312.458
233.4000	-0.254245	312.62
233.3000	-0.257711	312.779
233.2000	-0.249504	312.935
233.1000	-0.263467	313.101
233.0000	-0.255248	313.262
232.9000	-0.281958	313.425
232.8000	-0.321103	313.589
232.7000	-0.34523	313.74
232.6000	-0.360871	313.891
232.5000	-0.405645	314.052
232.4000	-0.403522	314.208
232.3000	-0.418547	314.365
232.2000	-0.418001	314.523
232.1000	-0.422145	314.685
232.0000	-0.407739	314.849
231.9000	-0.385752	315.012
231.8000	-0.401103	315.167
231.7000	-0.407559	315.323
231.6000	-0.402923	315.478
231.5000	-0.393647	315.636
231.4000	-0.393162	315.789
231.3000	-0.416681	315.944
231.2000	-0.387139	316.091
231.1000	-0.369738	316.251
231.0000	-0.363921	316.422
230.9000	-0.35972	316.583
230.8000	-0.347405	316.737
230.7000	-0.336815	316.885
230.6000	-0.348054	317.025
230.5000	-0.387311	317.176
230.4000	-0.418588	317.328
230.3000	-0.441865	317.473
230.2000	-0.440908	317.621
230.1000	-0.401747	317.775
230.0000	-0.380596	317.929
229.9000	-0.40451	318.096
229.8000	-0.423653	318.258
229.7000	-0.41471	318.42
229.6000	-0.415087	318.583
229.5000	-0.448159	318.744
229.4000	-0.466247	318.899
229.3000	-0.485812	319.059
229.2000	-0.510259	319.233
229.1000	-0.513486	319.41
229.0000	-0.534942	319.596
228.9000	-0.527205	319.786
228.8000	-0.537365	319.969
228.7000	-0.530078	320.164
228.6000	-0.537973	320.365
228.5000	-0.579061	320.557
228.4000	-0.607154	320.745
228.3000	-0.628669	320.928
228.2000	-0.660494	321.112
228.1000	-0.688327	321.306
228.0000	-0.699662	321.495
227.9000	-0.6716	321.695
227.8000	-0.630073	321.892
227.7000	-0.60814	322.091
227.6000	-0.577765	322.284
227.5000	-0.567775	322.466
227.4000	-0.566456	322.649
227.3000	-0.562622	322.83
227.2000	-0.526011	323.001
227.1000	-0.515919	323.18
227.0000	-0.515728	323.358
226.9000	-0.521281	323.539
226.8000	-0.516501	323.722
226.7000	-0.523511	323.911
226.6000	-0.517253	324.099
226.5000	-0.464742	324.284
226.4000	-0.436705	324.47
226.3000	-0.447485	324.655
226.2000	-0.477283	324.834
226.1000	-0.532719	325.021
226.0000	-0.56847	325.212
225.9000	-0.614423	325.407
225.8000	-0.619529	325.595
225.7000	-0.646864	325.787
225.6000	-0.645724	325.974
225.5000	-0.691025	326.167
225.4000	-0.713317	326.36
225.3000	-0.771885	326.555
225.2000	-0.807797	326.748
225.1000	-0.8332	326.95
225.0000	-0.87239	327.142
224.9000	-0.893376	327.337
224.8000	-0.922452	327.524
224.7000	-0.92047	327.712
224.6000	-0.936008	327.9
224.5000	-0.954482	328.091
224.4000	-0.899107	328.273
224.3000	-0.87781	328.456
224.2000	-0.86533	328.649
224.1000	-0.832857	328.84
224.0000	-0.823153	329.035
223.9000	-0.830983	329.236
223.8000	-0.805974	329.434
223.7000	-0.770243	329.623
223.6000	-0.739316	329.811
223.5000	-0.727548	329.995
223.4000	-0.710234	330.182
223.3000	-0.711886	330.373
223.2000	-0.727064	330.569
223.1000	-0.718041	330.768
223.0000	-0.729793	330.964
222.9000	-0.707176	331.174
222.8000	-0.731841	331.379
222.7000	-0.779517	331.581
222.6000	-0.804137	331.784
222.5000	-0.811984	331.99
222.4000	-0.805613	332.199
222.3000	-0.795979	332.41
222.2000	-0.782579	332.617
222.1000	-0.814993	332.829
222.0000	-0.844495	333.04
221.9000	-0.811671	333.257
221.8000	-0.773941	333.473
221.7000	-0.757634	333.689
221.6000	-0.718378	333.904
221.5000	-0.696888	334.114
221.4000	-0.678295	334.328
221.3000	-0.677172	334.548
221.2000	-0.669049	334.751
221.1000	-0.673795	334.96
221.0000	-0.664126	335.175
220.9000	-0.70985	335.387
220.8000	-0.76449	335.6
220.7000	-0.812326	335.645
220.6000	-0.839622	335.862
220.5000	-0.830685	336.08
220.4000	-0.828625	336.298
220.3000	-0.866254	336.511
220.2000	-0.928931	336.724
220.1000	-0.999707	336.933
220.0000	-1.05285	337.145
219.9000	-1.12271	337.358
219.8000	-1.19936	337.576
219.7000	-1.25107	337.794
219.6000	-1.28687	338.016
219.5000	-1.26214	338.246
219.4000	-1.26206	338.472
219.3000	-1.23313	338.69
219.2000	-1.18098	338.914
219.1000	-1.14277	339.305
219.0000	-1.13924	339.524
218.9000	-1.12684	339.745
218.8000	-1.10374	339.963
218.7000	-1.06669	340.183
218.6000	-1.02379	340.41
218.5000	-1.0102	340.637
218.4000	-0.966595	340.864
218.3000	-0.93244	341.091
218.2000	-0.889248	341.319
218.1000	-0.850348	341.551
218.0000	-0.844758	341.779
217.9000	-0.873848	342.004
217.8000	-0.901701	342.237
217.7000	-0.867946	342.464
217.6000	-0.855791	342.696
217.5000	-0.884355	342.924
217.4000	-0.921559	343.158
217.3000	-0.912798	343.396
217.2000	-0.896867	343.626
217.1000	-0.892905	343.867
217.0000	-0.912364	344.108
216.9000	-0.937492	344.342
216.8000	-0.942403	344.584
216.7000	-0.92361	344.823
216.6000	-0.93434	345.061
216.5000	-0.952658	345.295
216.4000	-0.96908	345.53
216.3000	-0.929343	345.773
216.2000	-0.907475	346.016
216.1000	-0.922707	346.254
216.0000	-0.992998	346.506
215.9000	-1.05736	346.752
215.8000	-1.04643	347.002
215.7000	-1.02173	347.251
215.6000	-1.03073	347.498
215.5000	-1.10536	347.745
215.4000	-1.16869	347.989
215.3000	-1.19237	348.235
215.2000	-1.17267	348.485
215.1000	-1.18688	348.727
215.0000	-1.23882	348.972
214.9000	-1.26796	349.22
214.8000	-1.261	349.468
214.7000	-1.25137	349.715
214.6000	-1.28635	349.961
214.5000	-1.2685	350.205
214.4000	-1.28366	350.458
214.3000	-1.23746	350.711
214.2000	-1.22436	350.961
214.1000	-1.25462	351.215
214.0000	-1.32527	351.467
213.9000	-1.30836	351.721
213.8000	-1.25499	351.975
213.7000	-1.1669	352.238
213.6000	-1.13037	352.496
213.5000	-1.1493	352.759
213.4000	-1.13582	353.022
213.3000	-1.12416	353.29
213.2000	-1.09372	353.563
213.1000	-1.08019	353.838
213.0000	-1.05369	354.112
212.9000	-1.05488	354.39
212.8000	-1.04937	354.668
212.7000	-1.03667	354.939
212.6000	-0.988685	355.215
212.5000	-0.939432	355.494
212.4000	-0.923724	355.768
212.3000	-0.938314	356.043
212.2000	-0.988603	356.324
212.1000	-1.05961	356.611
212.0000	-1.12092	356.9
211.9000	-1.1702	357.187
211.8000	-1.17796	357.474
211.7000	-1.193	357.762
211.6000	-1.23217	358.054
211.5000	-1.26551	358.35
211.4000	-1.31997	358.64
211.3000	-1.36438	358.932
211.2000	-1.36184	359.228
211.1000	-1.36895	359.527
211.0000	-1.38117	359.824
210.9000	-1.37378	360.123
210.8000	-1.37195	360.425
210.7000	-1.33051	360.725
210.6000	-1.3139	361.023
210.5000	-1.31481	361.333
210.4000	-1.29927	361.635
210.3000	-1.28652	361.941
210.2000	-1.28518	362.251
210.1000	-1.28595	362.557
210.0000	-1.25473	362.863
209.9000	-1.2365	363.165
209.8000	-1.21118	363.463
209.7000	-1.16742	363.77
209.6000	-1.17683	364.072
209.5000	-1.20686	364.378
209.4000	-1.19835	364.688
209.3000	-1.21995	365
209.2000	-1.27166	365.307
209.1000	-1.30976	365.61
209.0000	-1.29145	365.917
208.9000	-1.30788	366.224
208.8000	-1.28484	366.532
208.7000	-1.29896	366.835
208.6000	-1.28759	367.141
208.5000	-1.21613	367.449
208.4000	-1.18804	367.759
208.3000	-1.23728	368.066
208.2000	-1.23696	368.382
208.1000	-1.24645	368.697
208.0000	-1.2748	369.013
207.9000	-1.27304	369.323
207.8000	-1.2887	369.632
207.7000	-1.32527	369.941
207.6000	-1.34163	370.253
207.5000	-1.31558	370.566
207.4000	-1.33096	370.886
207.3000	-1.34776	371.203
207.2000	-1.32375	371.516
207.1000	-1.32076	371.826
207.0000	-1.34218	372.138
206.9000	-1.39217	372.451
206.8000	-1.44758	372.765
206.7000	-1.4522	373.087
206.6000	-1.44191	373.401
206.5000	-1.44073	373.716
206.4000	-1.47802	374.033
206.3000	-1.49779	374.357
206.2000	-1.48188	374.681
206.1000	-1.44534	374.997
206.0000	-1.42938	375.323
205.9000	-1.43509	375.64
205.8000	-1.42383	375.959
205.7000	-1.43669	376.287
205.6000	-1.4018	376.611
205.5000	-1.37758	376.934
205.4000	-1.295	377.259
205.3000	-1.2396	377.586
205.2000	-1.19829	377.918
205.1000	-1.21523	378.243
205.0000	-1.23144	378.562
204.9000	-1.29008	378.888
204.8000	-1.26722	379.22
204.7000	-1.23051	379.558
204.6000	-1.15135	379.885
204.5000	-1.16651	380.226
204.4000	-1.21851	380.559
204.3000	-1.17328	380.886
204.2000	-1.09758	381.215
204.1000	-1.06767	381.551
204.0000	-1.07948	381.878
203.9000	-1.12033	382.226
203.8000	-1.14247	382.567
203.7000	-1.23292	382.918
203.6000	-1.28058	383.265
203.5000	-1.32738	383.61
203.4000	-1.362	383.965
203.3000	-1.28666	384.318
203.2000	-1.23263	384.674
203.1000	-1.27145	385.027
203.0000	-1.34038	385.373
202.9000	-1.44017	385.728
202.8000	-1.45507	386.077
202.7000	-1.47122	386.439
202.6000	-1.53031	386.813
202.5000	-1.63837	387.188
202.4000	-1.6765	387.569
202.3000	-1.68981	387.937
202.2000	-1.67232	388.304
202.1000	-1.72252	388.676
202.0000	-1.69826	389.042
201.9000	-1.62222	389.418
201.8000	-1.56319	389.797
201.7000	-1.47135	390.177
201.6000	-1.46581	390.552
201.5000	-1.49697	390.932
201.4000	-1.5027	391.316
201.3000	-1.51305	391.695
201.2000	-1.50968	392.077
201.1000	-1.47562	392.453
201.0000	-1.4952	392.831
200.9000	-1.47798	393.211
200.8000	-1.48039	393.588
200.7000	-1.47957	393.962
200.6000	-1.48154	394.349
200.5000	-1.46261	394.721
200.4000	-1.45243	395.097
200.3000	-1.4893	395.464
200.2000	-1.50202	395.825
200.1000	-1.50657	396.192
200.0000	-1.53692	396.546
199.9000	-1.52232	396.902
199.8000	-1.5101	397.241
199.7000	-1.47709	397.587
199.6000	-1.4626	397.929
199.5000	-1.42817	398.272
199.4000	-1.50753	398.617
199.3000	-1.53084	398.948
199.2000	-1.54685	399.268
199.1000	-1.50822	399.58
199.0000	-1.50242	399.893
198.9000	-1.5056	400.198
198.8000	-1.47076	400.504
198.7000	-1.43978	400.8
198.6000	-1.48423	401.101
198.5000	-1.5064	401.398
198.4000	-1.53966	401.682
198.3000	-1.55536	401.974
198.2000	-1.54402	402.259
198.1000	-1.56929	402.537
198.0000	-1.56336	402.806
197.9000	-1.50517	403.079
197.8000	-1.42836	403.348
197.7000	-1.38452	403.612
197.6000	-1.41365	403.88
197.5000	-1.47786	404.145
197.4000	-1.50851	404.406
197.3000	-1.53837	404.668
197.2000	-1.60963	404.93
197.1000	-1.6571	405.187
197.0000	-1.61823	405.445
196.9000	-1.57689	405.691
196.8000	-1.63581	405.932
196.7000	-1.65935	406.178
196.6000	-1.69729	406.416
196.5000	-1.65674	406.659
196.4000	-1.60267	406.9
196.3000	-1.54966	407.143
196.2000	-1.5462	407.386
196.1000	-1.56361	407.62
196.0000	-1.53576	407.851
195.9000	-1.5187	408.072
195.8000	-1.54502	408.302
195.7000	-1.63323	408.519
195.6000	-1.62626	408.726
195.5000	-1.64465	408.931
195.4000	-1.68098	409.13
195.3000	-1.5917	409.338
195.2000	-1.52454	409.544
195.1000	-1.54406	409.752
195.0000	-1.56675	409.964
194.9000	-1.59458	410.183
194.8000	-1.66766	410.387
194.7000	-1.71847	410.595
194.6000	-1.80501	410.801
194.5000	-1.83332	411.003
194.4000	-1.82186	411.219
194.3000	-1.79022	411.442
194.2000	-1.7569	411.668
194.1000	-1.7523	411.904
194.0000	-1.68804	412.158
193.9000	-1.6674	412.435
193.8000	-1.65576	412.713
193.7000	-1.71231	413.002
193.6000	-1.82809	413.289
193.5000	-1.87892	413.579
193.4000	-1.83626	413.867
193.3000	-1.85158	414.146
193.2000	-1.74687	414.432
193.1000	-1.63325	414.724
193.0000	-1.64869	415.005
192.9000	-1.69706	415.296
192.8000	-1.78934	415.573
192.7000	-1.87033	415.836
192.6000	-1.90323	416.101
192.5000	-1.94678	416.353
192.4000	-1.96543	416.598
192.3000	-2.0271	416.834
192.2000	-2.01622	417.071
192.1000	-1.99388	417.318
192.0000	-1.93542	417.569
191.9000	-1.92057	417.837
191.8000	-1.92442	418.13
191.7000	-1.91343	418.445
191.6000	-1.92699	418.78
191.5000	-2.07368	419.119
191.4000	-2.22421	419.472
191.3000	-2.25463	419.84
191.2000	-2.24331	420.217
191.1000	-2.13991	420.601
191.0000	-2.05613	420.989
190.9000	-2.0506	421.381
190.8000	-2.00471	421.785
190.7000	-2.02197	422.171
190.6000	-1.96171	422.547
190.5000	-2.02971	422.911
190.4000	-2.0819	423.249
190.3000	-2.09645	423.584
190.2000	-2.07751	423.892
190.1000	-2.11117	424.184
190.0000	-2.11682	424.471
