Sigma	17.306233	46.785579	
Time	U1	U2	
224.326924	0.015773	-0.044926	
224.330927	0.017149	-0.030504	
224.343002	0.017333	-0.030086	
224.362949	0.016732	-0.036548	
224.390835	0.018217	-0.033700	
224.426860	0.016505	-0.040135	
224.470690	0.016919	-0.033286	
224.522593	0.015430	-0.045019	
224.582768	0.014950	-0.035273	
224.650548	0.016658	-0.026018	
224.726601	0.019391	-0.027052	
224.810459	0.012889	-0.037766	
224.902389	0.014026	-0.039048	
225.002191	0.018249	-0.035583	
225.110199	0.020881	-0.040200	
225.226080	0.015916	-0.036175	
225.349965	0.019073	-0.035270	
225.481723	0.021830	-0.039169	
225.621753	0.020071	-0.043572	
225.769589	0.023702	-0.037678	
225.925230	0.020371	-0.051299	
226.089210	0.015706	-0.042032	
226.260996	0.024156	-0.033611	
226.440787	0.024127	-0.039177	
226.628717	0.018113	-0.036380	
226.824385	0.022317	-0.037065	
227.028193	0.022470	-0.049396	
227.239939	0.020709	-0.054925	
227.459825	0.009583	-0.057815	
227.687516	0.010223	-0.048700	
227.923279	0.019974	-0.037664	
228.167048	0.020070	-0.056394	
228.418888	0.018262	-0.057499	
228.678601	0.019098	-0.061995	
228.946320	0.028519	-0.076398	
229.222111	0.034026	-0.078347	
229.505774	0.037120	-0.065870	
229.797442	0.043517	-0.068160	
230.097116	0.046422	-0.096537	
230.404862	0.046203	-0.090268	
230.720481	0.053672	-0.091717	
231.044105	0.042020	-0.098899	
231.375801	0.047683	-0.120810	
231.715569	0.052185	-0.113876	
232.063210	0.061707	-0.114687	
232.418789	0.059343	-0.119305	
232.782507	0.056757	-0.098916	
233.154231	0.069449	-0.084054	
233.533827	0.059933	-0.132921	
233.921428	0.067954	-0.160501	
234.317102	0.080540	-0.199479	
234.720581	0.071774	-0.211954	
235.132133	0.083790	-0.205467	
235.551756	0.083928	-0.204774	
235.979385	0.089411	-0.182044	
236.414887	0.091739	-0.183347	
236.858394	0.089836	-0.171689	
237.310039	0.085451	-0.175475	
237.769624	0.092625	-0.164627	
238.237081	0.088152	-0.162556	
238.712610	0.088100	-0.147182	
239.196211	0.094670	-0.125711	
239.687617	0.089602	-0.119873	
240.187030	0.097293	-0.114195	
240.694581	0.088695	-0.118244	
241.210137	0.084099	-0.107502	
241.733499	0.088180	-0.090262	
242.265201	0.091794	-0.075194	
242.804641	0.087340	-0.075762	
243.351953	0.085998	-0.071518	
243.907537	0.084639	-0.065337	
244.470993	0.082247	-0.063737	
245.042255	0.083668	-0.048381	
245.621723	0.088165	-0.049464	
246.209129	0.083938	-0.043295	
246.804541	0.086312	-0.032384	
247.407959	0.083671	-0.030377	
248.019448	0.076044	-0.038827	
248.638810	0.080624	-0.028783	
249.266244	0.084250	-0.012129	
249.901417	0.081244	-0.019767	
250.544929	0.075946	-0.028771	
251.196246	0.075184	-0.020157	
251.855635	0.076026	-0.013007	
252.522830	0.075021	-0.016110	
253.198298	0.077385	-0.007688	
253.881637	0.070545	-0.006247	
254.572782	0.067951	-0.007467	
255.272199	0.071326	0.002428	
255.979422	0.072990	0.004823	
256.694716	0.076058	0.012769	
257.418084	0.077976	0.010819	
258.149256	0.067934	-0.004996	
258.888501	0.069969	0.003761	
259.635751	0.069703	0.009526	
260.391074	0.072200	0.015938	
261.154202	0.068427	0.006563	
261.925669	0.069701	0.007990	
262.704674	0.065574	0.006214	
263.492019	0.066925	0.017984	
264.287169	0.068926	0.017729	
265.090325	0.067468	0.021593	
265.901619	0.063706	0.011691	
266.720919	0.066779	0.022891	
267.548025	0.066800	0.025875	
268.383203	0.064985	0.024853	
269.226186	0.064898	0.020720	
270.077508	0.066938	0.021914	
270.936636	0.064879	0.019963	
271.803769	0.061389	0.013853	
272.678774	0.061610	0.024556	
273.562052	0.062756	0.016307	
274.453135	0.063238	0.015182	
275.352291	0.060143	0.018978	
276.259251	0.057901	0.019672	
277.174284	0.056141	0.020215	
278.097390	0.059382	0.030346	
279.028500	0.057037	0.013220	
279.967684	0.054447	0.013315	
280.914739	0.059483	0.017683	
281.869799	0.056259	0.019812	
282.832666	0.057864	0.020417	
283.803871	0.055149	0.015304	
284.782815	0.054499	0.022342	
285.769898	0.056190	0.021398	
286.764786	0.051150	0.027047	
287.767946	0.056347	0.028351	
288.778912	0.056836	0.026330	
289.797951	0.053141	0.010171	
290.824795	0.053017	0.023512	
291.859777	0.058965	0.041076	
292.902699	0.061115	0.038690	
293.953759	0.059412	0.035786	
295.012558	0.053604	0.024789	
296.079697	0.057844	0.032562	
297.154440	0.048572	0.014316	
298.237389	0.054164	0.028330	
299.328277	0.058633	0.033331	
300.427371	0.054625	0.031223	
301.534070	0.050445	0.020269	
302.649041	0.049341	0.016471	
303.771885	0.050122	0.025424	
304.902801	0.053258	0.022656	
306.041722	0.049696	0.024593	
307.188649	0.048043	0.017109	
308.343447	0.051813	0.027085	
309.506319	0.060408	0.040992	
310.676995	0.056759	0.032972	
311.855944	0.053358	0.029794	
313.042765	0.050445	0.020715	
314.237592	0.049077	0.025127	
315.440224	0.051207	0.025549	
316.651195	0.049679	0.029503	
317.869971	0.052776	0.023952	
319.096753	0.052259	0.023815	
320.331474	0.047006	0.029149	
321.574334	0.052336	0.035961	
322.824932	0.054972	0.033965	
324.083737	0.050352	0.039280	
325.350546	0.054162	0.042274	
326.625228	0.054231	0.042671	
327.907982	0.053628	0.032246	
329.198608	0.050761	0.027560	
330.497440	0.052526	0.030994	
331.804144	0.047593	0.032685	
333.118854	0.047099	0.025020	
334.441369	0.053009	0.032083	
335.772223	0.044248	0.021922	
337.110882	0.047274	0.026430	
338.457614	0.052487	0.034328	
339.812151	0.050514	0.035452	
341.174694	0.050578	0.027846	
342.545375	0.052476	0.033868	
343.924062	0.050535	0.035292	
345.310622	0.048927	0.037372	
346.705386	0.056265	0.040762	
348.108024	0.055503	0.037042	
349.518466	0.051959	0.034907	
350.936981	0.055320	0.045744	
352.363567	0.049071	0.033076	
353.798160	0.049281	0.029131	
355.240825	0.045867	0.028257	
356.691295	0.046522	0.035522	
358.149837	0.049823	0.036221	
359.616452	0.046856	0.026253	
361.090872	0.047647	0.033035	
362.573564	0.047738	0.030814	
364.064129	0.047028	0.031295	
365.562499	0.051242	0.037368	
367.069074	0.051287	0.034317	
368.583589	0.048349	0.033494	
370.106042	0.047730	0.034180	
371.636434	0.046457	0.028444	
373.175032	0.049068	0.032665	
374.721501	0.043062	0.021881	
376.275977	0.047265	0.034304	
377.838324	0.050647	0.040315	
379.408678	0.048138	0.021586	
380.987103	0.049906	0.029654	
382.573600	0.048000	0.035266	
384.168170	0.049985	0.037242	
385.770545	0.050786	0.032284	
387.380926	0.043505	0.025439	
388.999179	0.040845	0.026028	
390.625704	0.047358	0.031311	
392.260035	0.048197	0.033260	
393.902438	0.050449	0.038306	
395.552646	0.044830	0.041169	
397.210993	0.046218	0.034813	
398.877546	0.050251	0.039040	
400.551704	0.046633	0.038357	
402.234135	0.051246	0.043758	
403.924371	0.042381	0.032177	
405.622679	0.043776	0.030866	
407.329060	0.050052	0.034342	
409.043246	0.047515	0.041908	
410.765504	0.050934	0.047148	
412.495834	0.049544	0.041204	
414.234170	0.045681	0.027388	
415.980378	0.046864	0.034703	
417.734592	0.048494	0.035857	
419.496877	0.049910	0.038547	
421.267236	0.047568	0.035369	
423.045399	0.047518	0.042801	
424.831635	0.051006	0.041254	
426.625876	0.046317	0.025747	
428.427989	0.054928	0.040795	
430.238175	0.048222	0.043491	
432.056366	0.048444	0.036539	
433.882630	0.045813	0.029424	
435.716765	0.049308	0.039125	
437.559106	0.046386	0.036404	
439.409253	0.050814	0.038596	
441.267272	0.050387	0.038867	
443.133363	0.047406	0.034453	
445.007659	0.046603	0.037674	
446.889628	0.044952	0.035241	
448.779869	0.046204	0.026828	
450.677982	0.047367	0.030478	
452.584034	0.046830	0.037548	
454.498225	0.046933	0.038565	
456.420221	0.043003	0.031645	
458.350423	0.050536	0.034483	
460.288364	0.045071	0.032868	
462.234444	0.050531	0.035719	
464.188462	0.045232	0.033939	
466.150419	0.048022	0.033643	
468.120516	0.044267	0.034613	
470.098617	0.047482	0.034412	
472.084658	0.044441	0.026552	
474.078637	0.042581	0.025621	
476.080689	0.045559	0.035107	
478.090813	0.045810	0.037048	
480.108742	0.047164	0.039269	
482.134744	0.042825	0.035151	
484.168818	0.045742	0.031442	
486.210630	0.047717	0.030072	
488.260582	0.042305	0.034787	
490.318606	0.038740	0.021384	
492.384568	0.052422	0.035927	
494.458470	0.045527	0.035156	
496.540377	0.043189	0.034860	
498.630356	0.041280	0.029569	
500.728140	0.047140	0.031253	
502.834197	0.047219	0.030288	
504.948060	0.041929	0.037526	
507.069994	0.047740	0.026618	
509.199801	0.044095	0.033362	
511.337680	0.044387	0.034294	
513.483498	0.043668	0.038298	
515.637455	0.043346	0.027956	
517.799217	0.047197	0.038419	
519.968985	0.053195	0.052378	
522.146891	0.049895	0.043757	
524.332804	0.049430	0.041840	
526.526521	0.041084	0.037307	
528.728311	0.046511	0.040621	
530.938173	0.047832	0.035420	
533.156108	0.047750	0.030495	
535.381847	0.046505	0.043691	
537.615593	0.049955	0.039881	
539.857210	0.049941	0.046790	
542.107100	0.043685	0.039423	
544.364795	0.042966	0.035228	
546.630563	0.044627	0.028904	
548.904402	0.049184	0.036083	
551.186047	0.047081	0.041954	
553.475765	0.046389	0.044812	
555.773488	0.040491	0.032243	
558.079083	0.046864	0.033936	
560.392950	0.046929	0.043469	
562.714623	0.048183	0.031742	
565.044368	0.047727	0.040752	
567.381919	0.047178	0.036604	
569.727541	0.047833	0.033203	
572.081236	0.039877	0.026449	
574.442937	0.037755	0.022361	
576.812509	0.042288	0.031783	
579.190354	0.049984	0.039632	
581.575938	0.040776	0.034089	
583.969461	0.044085	0.038208	
586.370989	0.041838	0.027136	
588.780522	0.042055	0.032180	
591.198195	0.050091	0.049295	
593.623873	0.041518	0.032534	
596.057423	0.046506	0.039877	
598.498979	0.044686	0.039296	
600.948607	0.046912	0.042296	
603.406240	0.048771	0.042265	
605.871813	0.044248	0.037520	
608.345324	0.043860	0.037527	
610.826774	0.050525	0.037061	
613.316363	0.043511	0.028633	
615.813891	0.042342	0.031631	
618.319424	0.045195	0.035026	
620.832830	0.054083	0.041336	
623.354174	0.046820	0.042065	
625.883924	0.047838	0.044542	
628.421213	0.047262	0.032255	
630.966774	0.042960	0.039001	
633.520140	0.050777	0.045255	
636.081646	0.045509	0.027204	
638.651090	0.047544	0.035708	
641.228473	0.047505	0.046582	
643.813861	0.048026	0.032046	
646.407322	0.046724	0.030642	
649.008855	0.041973	0.036907	
651.618127	0.046316	0.048326	
654.235738	0.044527	0.022412	
656.860954	0.042644	0.030634	
659.494376	0.040462	0.031811	
662.135737	0.044379	0.034081	
664.785103	0.044302	0.043784	
667.442475	0.040987	0.037405	
670.107718	0.048646	0.034488	
672.781234	0.046844	0.042160	
675.462556	0.041152	0.031077	
678.151750	0.044379	0.027563	
680.849216	0.046601	0.035165	
683.554488	0.042606	0.037381	
686.267831	0.041600	0.023315	
688.988981	0.041842	0.028702	
691.718402	0.044538	0.039587	
694.455696	0.043002	0.035477	
697.200728	0.037800	0.023996	
699.954100	0.045912	0.026479	
702.715343	0.043235	0.034652	
705.484592	0.046893	0.031551	
708.261847	0.037780	0.031908	
711.047174	0.046860	0.041325	
713.840373	0.049134	0.046329	
716.641644	0.046056	0.047216	
