TITLE		
DATA TYPE		
ORIGIN	JASCO	
OWNER		
DATE	16/04/28	
TIME	14:54:17	
SPECTROMETER/DATA SYSTEM	"JASCO Corp., J-810, Rev. 1.00"	
RESOLUTION		
DELTAX	-0.2	
XUNITS	NANOMETERS	
YUNITS	CD[mdeg]	
Y2UNITS	HT[V]	
Y3UNITS	External[V]	
FIRSTX	350	
LASTX	240	
NPOINTS	551	
FIRSTY	-1.63827	
MAXY	6.76585	
MINY	-91.55531	
XYDATA		
350	-1.63827	363.665
349.8	-1.71623	363.308
349.6	-1.66557	362.945
349.4	-1.63488	362.595
349.2	-1.61354	362.246
349	-1.61295	361.908
348.8	-1.63461	361.568
348.6	-1.5938	361.22
348.4	-1.5773	360.893
348.2	-1.48001	360.541
348	-1.43489	360.19
347.8	-1.41424	359.855
347.6	-1.46611	359.506
347.4	-1.44221	359.154
347.2	-1.34336	358.805
347	-1.26352	358.462
346.8	-1.21941	358.108
346.6	-1.18711	357.746
346.4	-1.30359	357.406
346.2	-1.28858	357.056
346	-1.26392	356.696
345.8	-1.19979	356.346
345.6	-1.1942	356.013
345.4	-1.23629	355.675
345.2	-1.24225	355.328
345	-1.27729	354.988
344.8	-1.2472	354.645
344.6	-1.29358	354.282
344.4	-1.19026	353.937
344.2	-1.18676	353.581
344	-1.18817	353.223
343.8	-1.12569	352.854
343.6	-1.06649	352.511
343.4	-1.05139	352.168
343.2	-0.965586	351.826
343	-0.838145	351.493
342.8	-0.885279	351.157
342.6	-0.892322	350.798
342.4	-0.845545	350.451
342.2	-0.857416	350.127
342	-0.864058	349.789
341.8	-0.856433	349.445
341.6	-0.83485	349.108
341.4	-0.814966	348.769
341.2	-0.808218	348.436
341	-0.763853	348.124
340.8	-0.755877	347.81
340.6	-0.779546	347.475
340.4	-0.761419	347.146
340.2	-0.767634	346.819
340	-0.742647	346.489
339.8	-0.748308	346.165
339.6	-0.764486	345.825
339.4	-0.738088	345.5
339.2	-0.705614	345.161
339	-0.710832	344.819
338.8	-0.685499	344.491
338.6	-0.604096	344.16
338.4	-0.521857	343.82
338.2	-0.510112	343.469
338	-0.536035	343.126
337.8	-0.512768	342.798
337.6	-0.553736	342.467
337.4	-0.573364	342.144
337.2	-0.555511	341.827
337	-0.66136	341.497
336.8	-0.81724	341.176
336.6	-0.848647	340.855
336.4	-0.906798	340.541
336.2	-0.824132	340.217
336	-0.762366	339.901
335.8	-0.733842	339.588
335.6	-0.74073	339.271
335.4	-0.676925	338.965
335.2	-0.606098	338.655
335	-0.52418	338.337
334.8	-0.431967	338.017
334.6	-0.399811	337.709
334.4	-0.372439	337.395
334.2	-0.325682	337.102
334	-0.176828	336.79
333.8	-0.0868678	336.495
333.6	-0.0374975	336.179
333.4	0.0307856	335.892
333.2	0.0423096	335.604
333	0.0377151	335.311
332.8	0.0296341	335.029
332.6	0.013298	334.736
332.4	-0.040127	334.443
332.2	-0.102462	334.146
332	-0.0879562	333.856
331.8	-0.0147029	333.564
331.6	-0.0135091	333.279
331.4	0.0474904	332.993
331.2	0.0678507	332.697
331	0.0534088	332.395
330.8	0.023793	332.119
330.6	-0.0726939	331.836
330.4	-0.118635	331.566
330.2	-0.172389	331.288
330	-0.202879	331.006
329.8	-0.229625	330.731
329.6	-0.255778	330.455
329.4	-0.253346	330.195
329.2	-0.223967	329.918
329	-0.114939	329.646
328.8	-0.0382894	329.366
328.6	-0.0134455	329.091
328.4	-0.0473938	328.839
328.2	-0.0999084	328.581
328	-0.121037	328.314
327.8	-0.127095	328.054
327.6	-0.125931	327.783
327.4	-0.116591	327.523
327.2	-0.155331	327.263
327	-0.14006	327.006
326.8	-0.072407	326.755
326.6	-0.000848905	326.496
326.4	0.0331884	326.252
326.2	0.0905457	326.009
326	0.163876	325.778
325.8	0.132951	325.534
325.6	0.202178	325.296
325.4	0.206317	325.059
325.2	0.188897	324.814
325	0.177819	324.57
324.8	0.188886	324.332
324.6	0.193393	324.076
324.4	0.144218	323.822
324.2	0.140638	323.578
324	0.0770615	323.329
323.8	0.0614126	323.06
323.6	0.135121	322.811
323.4	0.15651	322.551
323.2	0.205601	322.294
323	0.223921	322.044
322.8	0.284662	321.803
322.6	0.357988	321.569
322.4	0.429693	321.348
322.2	0.496507	321.127
322	0.49965	320.92
321.8	0.482087	320.726
321.6	0.507915	320.535
321.4	0.511753	320.355
321.2	0.49496	320.187
321	0.452582	320.013
320.8	0.444999	319.846
320.6	0.452889	319.685
320.4	0.421881	319.523
320.2	0.367283	319.352
320	0.373908	319.178
319.8	0.336793	319.011
319.6	0.395201	318.849
319.4	0.428003	318.677
319.2	0.441625	318.515
319	0.409974	318.337
318.8	0.408888	318.163
318.6	0.441463	317.997
318.4	0.449084	317.839
318.2	0.479179	317.675
318	0.488489	317.503
317.8	0.497665	317.34
317.6	0.493053	317.173
317.4	0.469842	317.009
317.2	0.484971	316.856
317	0.479421	316.703
316.8	0.505491	316.554
316.6	0.51629	316.405
316.4	0.504114	316.266
316.2	0.495415	316.122
316	0.524052	315.982
315.8	0.557687	315.844
315.6	0.611113	315.717
315.4	0.681434	315.589
315.2	0.732054	315.449
315	0.742738	315.314
314.8	0.791841	315.188
314.6	0.790858	315.048
314.4	0.754497	314.925
314.2	0.786557	314.812
314	0.823155	314.693
313.8	0.79888	314.554
313.6	0.833436	314.433
313.4	0.827046	314.304
313.2	0.797835	314.178
313	0.761497	314.059
312.8	0.761077	313.94
312.6	0.746548	313.824
312.4	0.75622	313.705
312.2	0.781908	313.611
312	0.804378	313.517
311.8	0.81592	313.442
311.6	0.850095	313.381
311.4	0.902341	313.318
311.2	0.960723	313.268
311	1.04515	313.234
310.8	1.0264	313.206
310.6	1.03367	313.175
310.4	1.03217	313.16
310.2	1.01475	313.145
310	1.02628	313.136
309.8	1.06341	313.117
309.6	1.08941	313.098
309.4	1.03212	313.071
309.2	1.05373	313.043
309	1.10682	313.025
308.8	1.07282	313.012
308.6	1.07613	312.999
308.4	1.11576	312.99
308.2	1.12197	312.978
308	1.05242	312.985
307.8	1.06537	312.99
307.6	1.0712	312.994
307.4	1.01734	313.007
307.2	1.02245	313.029
307	1.06867	313.048
306.8	1.06605	313.076
306.6	1.06058	313.111
306.4	1.11594	313.15
306.2	1.12821	313.186
306	1.13819	313.24
305.8	1.18095	313.31
305.6	1.2209	313.372
305.4	1.17257	313.444
305.2	1.15999	313.524
305	1.23085	313.611
304.8	1.27184	313.716
304.6	1.31649	313.825
304.4	1.33565	313.954
304.2	1.35508	314.081
304	1.31433	314.21
303.8	1.30281	314.374
303.6	1.32231	314.533
303.4	1.23294	314.701
303.2	1.09611	314.872
303	1.08527	315.044
302.8	1.09145	315.241
302.6	1.12451	315.428
302.4	1.18935	315.629
302.2	1.22768	315.821
302	1.22706	316.031
301.8	1.23825	316.254
301.6	1.28099	316.477
301.4	1.27252	316.72
301.2	1.27656	316.953
301	1.26152	317.202
300.8	1.23165	317.458
300.6	1.17348	317.734
300.4	1.1584	318.018
300.2	1.13597	318.301
300	1.17718	318.61
299.8	1.16272	318.933
299.6	1.11584	319.263
299.4	1.06479	319.605
299.2	1.05958	319.948
299	1.05194	320.303
298.8	1.09068	320.652
298.6	1.093	321.021
298.4	1.04785	321.391
298.2	1.08617	321.759
298	1.09503	322.14
297.8	1.04232	322.51
297.6	1.07804	322.893
297.4	1.02745	323.278
297.2	0.986839	323.683
297	1.00284	324.095
296.8	1.00634	324.502
296.6	0.953265	324.928
296.4	0.926307	325.37
296.2	0.946276	325.821
296	0.933314	326.292
295.8	0.937011	326.777
295.6	0.952035	327.27
295.4	0.971194	327.781
295.2	0.94242	328.296
295	0.936908	328.837
294.8	0.950129	329.388
294.6	1.02254	329.962
294.4	0.956689	330.571
294.2	0.907699	331.197
294	0.866174	331.852
293.8	0.752314	332.505
293.6	0.62965	333.204
293.4	0.563697	333.923
293.2	0.499957	334.664
293	0.356418	335.419
292.8	0.320115	336.189
292.6	0.255628	336.958
292.4	0.234124	337.724
292.2	0.230265	338.497
292	0.235079	339.265
291.8	0.194976	340.02
291.6	0.110426	340.751
291.4	0.0572474	341.468
291.2	-0.0481359	342.146
291	-0.108364	342.803
290.8	-0.156917	343.435
290.6	-0.154751	344.05
290.4	-0.0993423	344.643
290.2	-0.0810781	345.207
290	-0.0278569	345.748
289.8	0.00509543	346.254
289.6	0.0458394	346.746
289.4	0.154762	347.21
289.2	0.118574	347.653
289	0.105737	348.073
288.8	0.0664754	348.475
288.6	0.104807	348.861
288.4	0.194977	349.25
288.2	0.199827	349.642
288	0.198069	350.031
287.8	0.245073	350.272
287.6	0.320232	350.68
287.4	0.401783	351.116
287.2	0.351711	351.567
287	0.234203	352.048
286.8	0.136191	352.554
286.6	0.132681	353.091
286.4	0.193834	353.652
286.2	0.212236	354.402
286	0.207958	355.012
285.8	0.166836	355.626
285.6	0.155189	356.269
285.4	0.201015	356.919
285.2	0.253613	357.551
285	0.199405	358.18
284.8	0.193255	358.825
284.6	0.192839	359.459
284.4	0.223595	360.067
284.2	0.296529	360.647
284	0.317183	361.204
283.8	0.460335	361.726
283.6	0.516692	362.229
283.4	0.579684	362.709
283.2	0.706298	363.137
283	0.693169	363.534
282.8	0.756576	363.908
282.6	0.669264	364.247
282.4	0.701096	364.605
282.2	0.62621	364.909
282	0.588289	365.199
281.8	0.614932	365.471
281.6	0.639336	365.726
281.4	0.644464	365.984
281.2	0.658798	366.202
281	0.754986	366.429
280.8	0.824934	366.623
280.6	0.900877	366.81
280.4	1.02318	366.974
280.2	1.12775	367.136
280	1.16681	367.286
279.8	1.18292	367.421
279.6	1.33374	367.558
279.4	1.38003	367.692
279.2	1.50367	367.821
279	1.65824	367.949
278.8	1.73143	368.085
278.6	1.77321	368.223
278.4	1.81976	368.369
278.2	2.03168	368.515
278	2.10233	368.658
277.8	2.21808	368.792
277.6	2.20962	368.927
277.4	2.39489	369.065
277.2	2.48265	369.192
277	2.65474	369.322
276.8	2.6966	369.457
276.6	2.67664	369.569
276.4	2.74018	369.686
276.2	2.74314	369.831
276	2.76351	369.977
275.8	2.74698	370.131
275.6	2.82206	370.272
275.4	2.86273	370.411
275.2	3.03491	370.522
275	3.21725	370.625
274.8	3.34311	370.741
274.6	3.42791	370.828
274.4	3.57954	370.905
274.2	3.72536	370.986
274	3.79213	371.061
273.8	3.85788	371.127
273.6	3.9996	371.202
273.4	3.96247	371.271
273.2	3.96016	371.357
273	4.0702	371.415
272.8	4.17957	371.469
272.6	4.30346	371.492
272.4	4.38055	371.524
272.2	4.4972	371.57
272	4.49357	371.585
271.8	4.48947	371.62
271.6	4.59665	371.642
271.4	4.55762	371.653
271.2	4.50664	371.66
271	4.48007	371.713
270.8	4.43288	371.783
270.6	4.3618	371.84
270.4	4.33963	371.942
270.2	4.44445	372.051
270	4.50295	372.142
269.8	4.60697	372.241
269.6	4.72956	372.379
269.4	4.86027	372.5
269.2	4.87229	372.609
269	4.90971	372.693
268.8	5.01735	372.793
268.6	5.02575	372.876
268.4	4.97849	372.944
268.2	4.97171	373.038
268	4.91645	373.086
267.8	4.94493	373.124
267.6	5.10885	373.173
267.4	5.23739	373.201
267.2	5.31604	373.218
267	5.48978	373.249
266.8	5.63078	373.317
266.6	5.78087	373.375
266.4	5.92407	373.456
266.2	6.01457	373.528
266	6.00963	373.563
265.8	6.06903	373.609
265.6	6.11502	373.691
265.4	6.17296	373.764
265.2	6.13253	373.826
265	6.14816	373.905
264.8	6.19858	373.999
264.6	6.22828	374.056
264.4	6.24226	374.11
264.2	6.10688	374.196
264	6.12311	374.254
263.8	6.00758	374.28
263.6	5.93457	374.263
263.4	6.03932	374.265
263.2	6.07878	374.2
263	6.10385	374.171
262.8	6.08042	374.175
262.6	6.19996	374.165
262.4	6.22226	374.195
262.2	6.15038	374.198
262	6.14755	374.245
261.8	6.00062	374.256
261.6	5.88565	374.305
261.4	5.80881	374.367
261.2	5.79466	374.434
261	5.84687	374.491
260.8	5.88201	374.559
260.6	6.05314	374.648
260.4	6.27318	374.718
260.2	6.51118	374.801
260	6.60853	374.908
259.8	6.66374	375.036
259.6	6.74484	375.16
259.4	6.76585	375.32
259.2	6.66875	375.447
259	6.64057	375.557
258.8	6.60418	375.683
258.6	6.59228	375.811
258.4	6.52801	375.912
258.2	6.50823	375.958
258	6.50508	375.973
257.8	6.49697	375.98
257.6	6.47005	375.956
257.4	6.45686	375.928
257.2	6.31232	375.9
257	6.24098	375.863
256.8	6.207	375.792
256.6	6.31815	375.727
256.4	6.31448	375.666
256.2	6.28094	375.648
256	6.24618	375.634
255.8	6.30807	375.633
255.6	6.47781	375.659
255.4	6.46893	375.689
255.2	6.40671	375.748
255	6.38953	375.869
254.8	6.37266	375.989
254.6	6.40059	376.117
254.4	6.41178	376.25
254.2	6.48794	376.369
254	6.43761	376.5
253.8	6.40491	376.62
253.6	6.37577	376.812
253.4	6.38492	376.935
253.2	6.30959	377.064
253	6.1919	377.212
252.8	6.09845	377.368
252.6	6.06924	377.511
252.4	5.96382	377.656
252.2	5.85924	377.849
252	5.82046	377.997
251.8	5.68995	378.172
251.6	5.49604	378.339
251.4	5.27392	378.487
251.2	5.12438	378.639
251	4.86062	378.791
250.8	4.66192	378.991
250.6	4.49237	379.222
250.4	4.21623	379.433
250.2	4.03176	379.685
250	3.75893	379.903
249.8	3.55586	380.212
249.6	3.20627	380.509
249.4	2.97641	380.852
249.2	2.65563	381.218
249	2.21315	381.547
248.8	1.84958	381.928
248.6	1.39959	382.322
248.4	0.883051	382.777
248.2	0.42057	383.225
248	-0.215822	383.701
247.8	-0.881756	384.175
247.6	-1.67672	384.641
247.4	-2.47591	385.164
247.2	-3.3234	385.695
247	-4.10515	386.222
246.8	-5.00923	386.793
246.6	-5.91855	387.403
246.4	-6.73775	388.056
246.2	-7.76942	388.749
246	-8.78549	389.501
245.8	-9.87929	390.296
245.6	-10.969	391.094
245.4	-12.2173	391.93
245.2	-13.6593	392.832
245	-15.2744	393.763
244.8	-16.9529	394.716
244.6	-18.6779	395.735
244.4	-20.2365	396.821
244.2	-22.0982	397.89
244	-24.2206	399.042
243.8	-26.3278	400.248
243.6	-28.5398	401.527
243.4	-30.6945	402.853
243.2	-32.975	404.242
243	-35.3549	405.702
242.8	-38.0381	407.205
242.6	-40.8443	408.825
242.4	-43.7187	410.533
242.2	-46.984	412.292
242	-50.2501	414.132
241.8	-53.5477	416.052
241.6	-57.176	418.073
241.4	-61.0574	420.209
241.2	-64.9118	422.461
241	-69.0972	424.803
240.8	-73.2981	427.248
240.6	-77.4101	429.815
240.4	-81.8211	432.531
240.2	-86.4956	435.368
240	-91.5553	438.343
